10,0.1825,0.36584
100,0.3031,0.53214
105,0.3031,0.53226
110,0.30312,0.53226
15,0.22,0.42102
20,0.2459,0.45842
21,0.2497,0.46452
22,0.25358,0.46962
23,0.25802,0.47484
24,0.26152,0.47918
25,0.26414,0.48258
26,0.26724,0.48728
27,0.27068,0.49128
28,0.27318,0.4949
29,0.27566,0.49724
30,0.27764,0.50002
35,0.28562,0.51182
40,0.2916,0.51996
45,0.296,0.52406
5,0.25,0.35
50,0.29892,0.52686
55,0.30028,0.52862
60,0.30136,0.53028
65,0.30214,0.53084
70,0.30242,0.5311
75,0.30254,0.53164
80,0.30284,0.53198
85,0.30296,0.5319
90,0.30288,0.53192
95,0.303,0.53208
