9,0.57998,0.80678
10,0.58046,0.80686
1,0.17136,0.35172
8,0.57866,0.80652
2,0.32842,0.56608
3,0.43944,0.68526
5,0.54604,0.7807
7,0.57544,0.80324
6,0.56632,0.79628
11,0.57964,0.8062
12,0.57886,0.8055
4,0.50708,0.7484
20,0.5723,0.801
21,0.57216,0.80056
23,0.57134,0.8001
22,0.57172,0.80018
25,0.57046,0.79974
24,0.57102,0.7999
15,0.57602,0.80376
17,0.57422,0.80226
16,0.57502,0.80272
14,0.57688,0.8041
18,0.57334,0.80166
19,0.57288,0.80116
26,0.57026,0.7995
13,0.57778,0.805
28,0.56972,0.79914
27,0.56994,0.79922
