10,0.16458,0.34304
100,0.46156,0.70772
110,0.48054,0.72602
120,0.48272,0.72716
130,0.4827,0.72818
140,0.5073,0.7494
150,0.51852,0.75754
160,0.5068,0.75
170,0.5147,0.75842
180,0.52356,0.76508
190,0.52998,0.76688
20,0.25972,0.48014
200,0.53324,0.77232
210,0.53794,0.77606
220,0.52028,0.75784
230,0.54054,0.77868
240,0.53848,0.7726
250,0.53398,0.77198
260,0.5426,0.7806
270,0.54082,0.77824
280,0.53794,0.77568
290,0.54506,0.782
30,0.31448,0.55522
300,0.54552,0.78106
310,0.54638,0.78178
320,0.55066,0.78324
330,0.54924,0.78512
340,0.54666,0.78126
350,0.54794,0.78408
360,0.55622,0.7894
370,0.55334,0.7869
380,0.55532,0.78744
390,0.55604,0.78902
40,0.3615,0.60514
400,0.55768,0.78916
410,0.55708,0.79004
420,0.5544,0.78808
430,0.55538,0.78798
440,0.55292,0.7855
450,0.55766,0.78908
460,0.5557,0.78818
470,0.55552,0.78776
480,0.56348,0.79414
490,0.5606,0.79224
50,0.40128,0.64588
500,0.55858,0.79102
510,0.55962,0.79218
520,0.56036,0.79258
530,0.56464,0.79496
540,0.56468,0.79488
550,0.56292,0.79304
560,0.56638,0.79588
570,0.56586,0.79514
580,0.56434,0.79646
590,0.564,0.79472
60,0.40372,0.6536
600,0.56334,0.79312
610,0.56426,0.79432
620,0.5656,0.79672
630,0.5659,0.79672
640,0.56378,0.79442
650,0.5676,0.79672
660,0.5661,0.79636
670,0.56646,0.79616
70,0.44214,0.6884
80,0.47246,0.71992
90,0.46796,0.71558
